12345678
12346758
12346785
12367458
12367485
12367845
12364578
12364758
12364785
12634578
12634758
12634785
12637458
12637485
12637845
12673485
12673458
12673845
12678345
16782345
16723458
16723485
16723845
16728345
16234578
16234758
16234785
16237458
16237485
16237845
16278345
16273845
16273485
16273458
61234578
61234758
61234785
61237458
61237485
61237845
61273458
61273485
61273845
61278345
61782345
61723458
61723485
61723845
61728345
67812345
67182345
67128345
67123845
67123485
67123458